function [ dy ] = pollutionProblem_function( x,y )
    dy=zeros(20,1);
    k1=0.350;
    k2=0.266*1e2;
    k3=0.123*1e5;
    k4=0.86*1e-3;
    k5=0.82*1e-3;
    k6=0.15*1e5;
    k7=0.13*1e-3;
    k8=0.24*1e5;
    k9=0.165*1e5;
    k10=0.9*1e4;
    k11=0.22*1e-1;
    k12=0.12*1e5;
    k13=0.188*1e1;
    k14=0.163*1e5;
    k15=0.48*1e7;
    k16=0.35*1e-3;
    k17=0.175*1e-1;
    k18=0.1*1e9;
    k19=0.444*1e12;
    k20=0.124*1e4;
    k21=0.21*1e1;
    k22=0.578*1e1;
    k23=0.474*1e-1;
    k24=0.178*1e4;
    k25=0.312*1e1;
    
    r1=k1*y(1);
    r2=k2*y(2)*y(4);
    r3=k3*y(5)*y(2);
    r4=k4*y(7);
    r5=k5*y(7);
    r6=k6*y(7)*y(6);
    r7=k7*y(9);
    r8=k8*y(9)*y(6);
    r9=k9*y(11)*y(2);
    r10=k10*y(11)*y(1);
    r11=k11*y(13);
    r12=k12*y(10)*y(2);
    r13=k13*y(14);
    r14=k14*y(1)*y(6);
    r15=k15*y(3);
    r16=k16*y(4);
    r17=k17*y(4);
    r18=k18*y(16);
    r19=k19*y(16);
    r20=k20*y(17)*y(6);
    r21=k21*y(19);
    r22=k22*y(19);
    r23=k23*y(1)*y(4);
    r24=k24*y(19)*y(1);
    r25=k25*y(20);
    
    dy(1)=-(r1+r10+r14+r23+r24)+(r2+r3+r9+r11+r12+r22+r25);
    dy(2)=-r2-r3-r9-r12+r1+r21;
    dy(3)=-r15+r1+r17+r19+r22;
    dy(4)=-r2-r16-r17-r23+r15;
    dy(5)=-r3+2*r4+r6+r7+r13+r20;
    dy(6)=-r6-r8-r14-r20+r3+2*r18;
    dy(7)=-r4-r5-r6+r13;
    dy(8)=r4+r5+r6+r7;
    dy(9)=-r7-r8;
    dy(10)=-r12+r7+r9;
    dy(11)=-r9-r10+r8+r11;
    dy(12)=r9;
    dy(13)=-r11+r10;
    dy(14)=-r13+r12;
    dy(15)=r14;
    dy(16)=-r18-r19+r16;
    dy(17)=-r20;
    dy(18)=r20;
    dy(19)=-r21-r22-r24+r23+r25;
    dy(20)=-r25+r24;
end

